27 59

133

3 4
3 5
4 3
4 6
4 10
4 14
4 18
4 22
4 26
4 30
4 34
4 38
4 42
4 46
4 50
4 54
5 7
5 9
5 11
5 13
5 15
5 17
5 19
5 21
5 23
5 25
5 27
5 29
5 31
5 33
5 35
5 37
5 39
5 41
5 43
5 45
5 47
5 49
5 51
5 53
5 55
6 3
6 6
6 10
6 14
6 18
6 22
6 26
6 30
6 34
6 38
6 42
6 46
6 50
6 54
7 4
7 5
7 6
8 5
8 6
9 5
9 6
10 6
11 6
12 6
13 6
14 6
15 6
16 6
17 5
17 6
18 5
18 6
19 4
19 5
19 6
20 3
20 6
20 10
20 14
20 18
20 22
20 26
20 30
20 34
20 38
20 42
20 46
20 50
20 54
21 7
21 9
21 11
21 13
21 15
21 17
21 19
21 21
21 23
21 25
21 27
21 29
21 31
21 33
21 35
21 37
21 39
21 41
21 43
21 45
21 47
21 49
21 51
21 53
21 55
22 3
22 6
22 10
22 14
22 18
22 22
22 26
22 30
22 34
22 38
22 42
22 46
22 50
22 54
23 4
23 5